Sample	fastp-pct_duplication	fastp-after_filtering_q30_rate	fastp-after_filtering_q30_bases	fastp-filtering_result_passed_filter_reads	fastp-after_filtering_gc_content	fastp-pct_surviving	fastp-before_filtering_read1_mean_length	fastqc-percent_duplicates	fastqc-percent_gc	fastqc-avg_sequence_length	fastqc-median_sequence_length	fastqc-percent_fails	fastqc-total_sequences
SRR10551657	83.473	98.37129999999999	423.281587	8.605791	42.3868	95.29324534310221	50.0	84.69730535640088	42.0	50.0	50	30.0	9.030851
SRR10551658	82.2651	98.4064	324.317413	6.59139	42.3266	95.36057939228047	50.0	83.42789778792616	42.0	50.0	50	30.0	6.91207
SRR10551659	83.5069	98.4016	412.084246	8.375558999999999	43.000699999999995	95.5545731362968	50.0	84.64751716809344	42.0	50.0	50	40.0	8.76521
SRR10551660	75.7906	98.4604	278.857524	5.664357	41.3001	94.7084962914029	50.0	76.66124992616668	41.0	50.0	50	20.0	5.980833
SRR10551661	78.1689	98.41159999999999	283.510196	5.761724	41.843599999999995	94.61463871224655	50.0	78.91290103427032	41.0	50.0	50	20.0	6.089675
SRR10551662	84.86280000000001	98.4342	296.237794	6.018999	45.1748	95.39896077087572	50.0	85.82630329070255	45.0	50.0	50	20.0	6.309292
SRR10551663	81.7397	98.4411	314.440347	6.388395999999999	43.6526	94.85446429035427	50.0	82.52709953293011	43.0	50.0	50	20.0	6.734945
SRR10551664	80.4947	98.4226	321.550383	6.5340739999999995	43.5186	94.72831447124614	50.0	81.3979297409751	43.0	50.0	50	20.0	6.897698999999999
SRR10551665	82.1827	98.4215	351.650392	7.145803	43.717	94.92231325652021	50.0	83.16740588043263	43.0	50.0	50	20.0	7.528054
